49 5538123054.44
44 5533898276.87
9 5528667781.67
47 5525579063.59
4 5524873530.97
19 5523548051.26
36 5521006529.89
33 5520500063.81
32 5518154801.16
50 5515671274.67
48 5513394350.34
27 5513201198.18
22 5513079970.20
15 5512768148.70
20 5512074452.57
46 5511415567.22
45 5510210576.71
14 5508661293.80
37 5508282615.94
10 5507724826.23
42 5507233969.93
23 5506110391.48
6 5504946770.81
11 5504135585.41
18 5502700131.65
1 5502596283.02
7 5502592084.76
8 5502261232.17
17 5499069104.72
30 5497925917.91
43 5495051964.32
16 5494397478.26
28 5493768554.65
25 5492152627.67
40 5488938199.62
34 5488641847.74
29 5487921619.19
41 5487510350.78
21 5487241651.47
39 5480966550.02
26 5480605389.62
2 5478434613.33
5 5477056351.28
3 5474776066.93
12 5473318840.74
13 5472301325.04
24 5472192808.58
35 5470564956.84
38 5470273308.91
31 5468734832.42
